zp1 0 217391 928
zp1 217391 434783 574
zp1 434783 652174 559
zp1 652174 869565 245
zp1 869565 1086957 132
zp1 1086957 1304348 194
zp1 1304348 1521739 142
zp1 1521739 1739130 296
zp1 1739130 1956522 288
zp1 1956522 2173913 201
zp1 2173913 2391304 183
zp1 2391304 2608696 96
zp1 2608696 2826087 186
zp1 2826087 3043478 385
zp1 3043478 3260870 212
zp1 3260870 3478261 166
zp1 3478261 3695652 260
zp1 3695652 3913043 286
zp1 3913043 4130435 325
zp1 4130435 4347826 195
zp1 4347826 4565217 2
zp1 4565217 4782609 3
zp1 4782609 5000000 2
