zp7 0 217391 218
zp7 217391 434783 204
zp7 434783 652174 203
zp7 652174 869565 180
zp7 869565 1086957 160
zp7 1086957 1304348 108
zp7 1304348 1521739 75
zp7 1521739 1739130 67
zp7 1739130 1956522 61
zp7 1956522 2173913 70
zp7 2173913 2391304 45
zp7 2391304 2608696 106
zp7 2608696 2826087 137
zp7 2826087 3043478 179
zp7 3043478 3260870 207
zp7 3260870 3478261 218
zp7 3478261 3695652 217
zp7 3695652 3913043 227
zp7 3913043 4130435 220
zp7 4130435 4347826 205
zp7 4347826 4565217 206
zp7 4565217 4782609 216
zp7 4782609 5000000 213
zp7 5000000 5217391 119
