zp7 217391 434783 21
zp7 434783 652174 12
zp7 652174 869565 22
zp7 869565 1086957 51
zp7 1086957 1304348 140
zp7 1304348 1521739 185
zp7 1521739 1739130 214
zp7 1739130 1956522 432
zp7 1956522 2173913 346
zp7 2173913 2391304 369
zp7 2391304 2608696 145
zp7 2608696 2826087 49
zp7 2826087 3043478 45
zp7 3043478 3260870 38
zp7 3260870 3478261 18
zp7 3478261 3695652 13
zp7 3695652 3913043 21
zp7 3913043 4130435 14
zp7 4130435 4347826 15
zp7 4347826 4565217 2
zp7 4565217 4782609 20
zp7 4782609 5000000 5
zp7 5000000 5217391 5
