zp9 0 217391 229
zp9 217391 434783 209
zp9 434783 652174 212
zp9 652174 869565 210
zp9 869565 1086957 220
zp9 1086957 1304348 196
zp9 1304348 1521739 187
zp9 1521739 1739130 154
zp9 1739130 1956522 125
zp9 1956522 2173913 77
zp9 2173913 2391304 55
zp9 2391304 2608696 52
zp9 2608696 2826087 133
zp9 2826087 3043478 179
zp9 3043478 3260870 198
zp9 3260870 3478261 218
zp9 3478261 3695652 220
zp9 3695652 3913043 204
zp9 3913043 4130435 211
zp9 4130435 4347826 202
zp9 4347826 4565217 212
zp9 4565217 4782609 218
zp9 4782609 5000000 72
