zp15 0 217391 7
zp15 217391 434783 7
zp15 434783 652174 45
zp15 652174 869565 2
zp15 869565 1086957 10
zp15 1086957 1304348 18
zp15 1304348 1521739 15
zp15 1521739 1739130 30
zp15 1739130 1956522 40
zp15 1956522 2173913 78
zp15 2173913 2391304 135
zp15 2391304 2608696 67
zp15 2608696 2826087 132
zp15 2826087 3043478 213
zp15 3043478 3260870 113
zp15 3260870 3478261 32
zp15 3478261 3695652 53
zp15 3695652 3913043 36
zp15 3913043 4130435 11
zp15 4130435 4347826 20
zp15 4347826 4565217 2
zp15 4565217 4782609 3
zp15 4782609 5000000 2
