zp15 0 217391 213
zp15 217391 434783 204
zp15 434783 652174 205
zp15 652174 869565 210
zp15 869565 1086957 214
zp15 1086957 1304348 222
zp15 1304348 1521739 216
zp15 1521739 1739130 192
zp15 1739130 1956522 199
zp15 1956522 2173913 176
zp15 2173913 2391304 139
zp15 2391304 2608696 91
zp15 2608696 2826087 73
zp15 2826087 3043478 66
zp15 3043478 3260870 113
zp15 3260870 3478261 164
zp15 3478261 3695652 186
zp15 3695652 3913043 185
zp15 3913043 4130435 216
zp15 4130435 4347826 210
zp15 4347826 4565217 206
zp15 4565217 4782609 218
zp15 4782609 5000000 53
