zp11 0 217391 168
zp11 217391 434783 161
zp11 434783 652174 134
zp11 652174 869565 84
zp11 869565 1086957 72
zp11 1086957 1304348 107
zp11 1304348 1521739 147
zp11 1521739 1739130 177
zp11 1739130 1956522 196
zp11 1956522 2173913 212
zp11 2173913 2391304 216
zp11 2391304 2608696 218
zp11 2608696 2826087 194
zp11 2826087 3043478 208
zp11 3043478 3260870 210
zp11 3260870 3478261 199
zp11 3478261 3695652 209
zp11 3695652 3913043 200
zp11 3913043 4130435 212
zp11 4130435 4347826 206
zp11 4347826 4565217 206
zp11 4565217 4782609 36
