zp10 0 217391 213
zp10 217391 434783 191
zp10 434783 652174 205
zp10 652174 869565 165
zp10 869565 1086957 109
zp10 1086957 1304348 57
zp10 1304348 1521739 93
zp10 1521739 1739130 88
zp10 1739130 1956522 148
zp10 1956522 2173913 182
zp10 2173913 2391304 195
zp10 2391304 2608696 210
zp10 2608696 2826087 210
zp10 2826087 3043478 184
zp10 3043478 3260870 198
zp10 3260870 3478261 193
zp10 3478261 3695652 200
zp10 3695652 3913043 203
zp10 3913043 4130435 221
zp10 4130435 4347826 216
zp10 4347826 4565217 155
